Q1: 49.14182971185073
Q2: 49.87523869005963
Q3: 44.18274462921545
Q4: 61.47538004769012
Q5: 42.18572921399027
