Q1: 24.625870598945767
Q2: 96.35566703183576
Q3: 27.059195287059993
Q4: 25.66823189193383
Q5: 22.728104819078
