Q1: 49.143089565914124
Q2: 57.63816964300349
Q3: 38.748718787916005
Q4: 47.711708575021476
Q5: 34.85300658503547